%% Codes for 1/8

SW18.exb_code  = [ [0  0  0  1]
                   [0  0  1 -1]
                   [1 -1 -1 -1]
                   [0  1 -1 -1]
                   ];
                     
SW18.switches  = [ 
[0 0 0 0 1 1 0 0 0 1 1 0]
[0 0 0 0 1 1 1 0 0 0 0 1]
[1 0 0 1 0 0 0 0 1 0 0 1]
[0 1 0 0 0 1 0 0 1 0 0 1]
];

SW18.ratio = 1/8;

